2260
4904
1997
9687
8692
8098
3278
6453
3591
952
7830
2773
3775
2241
9175
502
2881
6714
981
9729
5472
8626
1365
313
6918
9652
3070
1259
2375
2422
2069
9453
2966
8501
2362
8673
6683
7269
4922
2803
1506
7852
9869
1342
8600
3468
9533
6043
941
3770
3842
5886
4644
4794
1856
4566
5976
3316
7653
4562
3201
5058
5276
206
2192
740
7096
912
242
1738
1147
6678
984
4750
2119
1486
5623
8100
5443
5356
7591
9620
4527
4206
7099
409
4115
7094
4774
8519
3959
6117
8410
3336
3377
4371
516
1953
8817
3649
8182
2606
7221
2979
353
8156
9000
5522
598
1517
4624
9793
8059
759
4581
4942
7507
5403
3120
2755
3956
6133
5495
9787
333
3233
4006
9921
6814
5707
1777
8037
9171
2112
1848
4232
2122
4620
3418
2464
4163
726
1784
3287
9815
9677
7576
9980
8522
294
6289
5839
4246
9270
7232
7503
7412
4421
7758
3657
4468
8078
4524
8596
7664
1149
5561
7947
3602
633
8283
9497
1792
5587
5055
4480
7042
6372
474
6315
9690
1950
7881
1378
113
1577
2416
9634
8992
2081
413
7768
9104
7021
5819
9039
5307
4713
5742
3869
9625
4622
5772
3559
3990
8722
8604
4964
1048
8571
7667
8877
4681
9295
6940
2042
2643
1104
9680
1994
7719
3537
9326
9767
2851
1103
2156
9667
8933
9042
5120
8395
1037
3575
6352
4463
5977
9242
532
465
6652
7718
9673
6543
2492
2417
7786
4806
2126
7557
2830
2333
2511
1840
4980
7648
2775
3795
6066
1264
3622
5980
8475
1746
41
999
6560
190
6462
549
8285
1655
2993
8843
7567
5821
9704
5599
2154
7799
1986
7404
2269
4868
8835
5527
2590
104
3263
7126
1967
5047
4710
9562
7909
7133
7316
6100
6417
6836
4661
9415
5330
8189
174
3249
2601
2847
6976
4523
7375
4011
1583
936
6244
2504
9831
7268
2609
1099
2922
3453
7453
236
1344
2213
5161
3023
6680
8118
3417
6421
3694
6076
4043
8763
6768
7333
3833
9126
2664
3369
5997
4598
5852
1945
1383
1557
7771
8065
1063
8362
3345
9102
9914
1450
6175
1029
4029
1567
3701
7236
9028
5996
5421
2467
6755
3033
1375
3925
1448
4108
3665
8183
2587
8354
4423
8943
361
3571
446
9792
6806
4160
738
2003
1560
9676
911
5173
4935
3848
591
8251
4335
8892
8781
8547
8471
8827
5533
2115
5627
7636
1617
1470
4066
3754
144
5537
3332
7030
7120
3569
4196
470
5048
2346
2372
776
3381
7403
6563
8569
7867
3188
5184
3160
1090
9365
9594
9197
3088
7792
907
1173
424
1080
2311
445
7965
4793
7486
7663
8014
7432
80
1110
6628
2608
7996
6463
9400
4453
9341
5582
4926
4822
3207
8655
5154
3128
6386
6301
8082
8314
7551
8401
5559
3058
8005
1373
5327
6427
8721
6157
9993
8423
3318
7518
5966
9783
2935
6533
5456
2366
4610
8419
48
2744
3544
962
3076
5155
1578
7080
6131
1349
1398
4052
7510
3125
7437
5487
4775
9096
9530
7658
6486
7762
8725
777
2479
124
3564
3366
322
2397
7970
8502
2735
1634
7352
7826
7153
4766
9456
9237
3251
5984
1531
252
9536
3031
862
7981
8517
7842
778
2498
2131
1228
1832
1882
848
7773
1651
2695
8651
8949
9189
5191
5424
1525
1076
3486
9181
8185
3205
354
4395
1325
8392
942
9763
1787
8470
4570
7608
6294
9969
6411
305
1509
8625
6849
5396
4114
5557
6144
7028
8729
7737
6220
7015
7262
1937
2178
4028
9450
2111
1790
4132
1854
9273
5957
196
6684
4741
4686
5838
3312
5366
6958
9619
5934
8113
5681
849
4208
7736
3690
5652
9580
7371
9263
4397
6537
7415
4963
2412
7014
4167
8962
6012
802
5136
8076
5059
5843
7854
8405
7499
973
5499
9653
1282
4168
2685
9073
4522
641
7902
97
2938
5364
2017
5260
9056
9756
3944
5020
1197
9998
9312
2998
7936
4109
3969
8036
9579
8656
4376
9420
279
6433
1707
8704
8801
595
3356
3950
8500
309
8524
6163
2410
9739
5438
410
5054
8022
9670
8224
5668
1818
7054
4418
3530
8301
2588
4188
1666
4791
5404
1152
3150
8978
7775
4026
5477
574
3334
1690
3285
6706
6007
61
9290
9963
5107
7734
9518
9389
1343
4349
4257
6756
9354
7514
6762
1009
1677
5490
6302
6437
9079
7903
3203
7200
7398
8897
9775
1137
3273
2457
9843
4465
2204
1059
8764
5262
4055
1985
8097
2224
4256
6348
9215
7966
8343
9014
4839
5308
9212
7068
4460
638
2741
1487
377
8250
6115
4275
7774
4995
4912
8328
4884
6096
8848
2064
1699
1201
3922
8751
9527
3246
37
5829
7234
7538
545
8972
6210
2334
5535
8229
8180
8047
415
842
8226
1424
4674
91
1455
3341
9439
140
2756
3216
8000
3219
4532
4559
9358
423
3422
3175
4970
1897
3314
219
8674
1710
9781
6987
8104
1513
7132
6999
6467
9967
7321
8615
9185
6804
6073
3832
5031
8984
4487
2687
1905
669
626
9477
1016
8558
2774
98
9443
4519
1961
8526
1354
5642
5528
4509
5861
5458
1326
7116
7681
9406
8956
3747
6980
6063
6183
85
4357
9433
1413
4276
1442
2696
6568
4592
3156
265
7183
4105
9061
7122
5478
6878
4496
9648
5799
5462
5946
9606
3018
4461
2359
8756
5129
3759
5573
3284
3949
2072
8815
8096
689
5405
1523
6826
73
1685
7422
7292
4685
67
378
3051
2148
7729
7836
2578
7469
1198
1324
8989
5339
3437
8977
5924
9430
1275
4193
4159
1462
116
9974
644
4978
6473
8167
8608
6773
397
5204
6201
3319
559
5593
698
9628
300
9861
3129
4133
4916
1113
1338
5748
3799
4692
5309
6850
7974
2740
2737
7891
922
9462
4489
4394
4550
4446
7265
4322
5369
7688
9353
8915
783
1189
9975
6899
8576
2390
6323
1126
8066
3214
5217
6077
246
3309
6883
3772
7119
1200
1587
68
311
9486
2503
7295
2825
8153
8381
1922
7202
2852
4601
