0	0	30	0	0	0	65	0	0	45	0	100	0	0	56	0	0
0	0	0	82	0	0	0	90	0	0	50	0	0	0	0	12	35	
30	0	0	0	74	32	0	0	100	0	0	0	48	0	0	0	0
0	82	0	0	0	100	0	10	0	0	0	48	0	83	0	0	0
0	0	0	74	0	0	0	90	0	0	100	0	0	50	0	75	0
0	0	32	100	0	0	0	0	98	0	78	0	0	0	0	88	0
65	0	0	0	90	0	0	103	0	0	0	0	0	37	0	0	55
0	90	0	10	0	0	103	0	0	17	0	0	43	0	0	0	0
0	0	100	0	0	98	0	0	0	119	0	0	0	0	99	58	0
45	0	0	0	100	0	0	17	119	0	0	10	0	0	0	0	0
0	50	0	0	0	78	0	0	0	0	0	0	0	45	85	0	55	
100	0	0	48	0	0	0	0	0	10	0	0	73	0	0	85	0
0	0	48	0	50	0	0	43	0	0	0	73	0	59	0	0	0
0	0	0	83	0	0	37	0	0	0	45	0	59	0	0	89	0
56	0	0	0	75	0	0	0	99	0	85	0	0	0	0	0	52
0	12	0	0	0	88	0	0	58	0	0	85	0	89	0	0	0
0	35	0	0	0	0	55	0	0	0	55	0	0	0	52	0	0
